Convolutional Layers: 2

Layer 0 Filters: 4
Input Channels: 1

Filter 0 Kernels:
Channel 0:
0.0927278 -0.448903 -0.496391 -0.0287255 0.491588 
-0.428841 0.0130814 0.48359 -0.741353 0.235766 
-0.350681 0.1926 -0.0712353 -0.0235058 -0.111508 
-0.252023 0.0581231 -0.497613 -0.0421805 0.140233 
-0.2214 -0.16568 -0.00131961 0.346909 -0.0162802 

Filter 1 Kernels:
Channel 0:
0.0381816 0.0347305 -0.142649 -0.295424 0.240874 
-0.538443 -0.0260659 -0.231138 -0.180253 -0.26698 
-0.0311617 -0.427541 0.426385 -0.0985146 0.179766 
0.38546 -0.620342 -0.213913 0.0273312 0.0709358 
0.188837 -0.0404926 0.202861 0.0229144 -0.141809 

Filter 2 Kernels:
Channel 0:
0.368378 0.155261 0.668867 -0.536195 0.63156 
-0.110099 0.279886 0.0790443 -0.190015 -0.0126455 
0.352321 0.0919831 0.102978 -0.0797679 0.175487 
-0.592429 -0.238248 0.268037 0.189838 -0.716067 
-0.112681 0.0737871 -0.426485 -0.0376361 0.221643 

Filter 3 Kernels:
Channel 0:
0.202829 -0.0091792 0.257671 0.491311 -0.132629 
0.351491 0.0925345 -0.144645 0.709946 0.254196 
-0.184367 0.13386 0.525707 -0.249659 0.227303 
0.278862 0.179891 -0.214209 0.314868 0.130496 
-0.362724 -0.278293 -0.192046 0.0954613 -0.352278 

Bias: -1.04754e-17

Batch Normalization Layer: 0:
Gamma: 0.990871 1.0214 1.04649 1.04835 
Beta: 0.0213219 -0.0121171 0.090383 0.0417819 
EMA Mean: -0.0902575 -0.0689736 0.027917 0.0970141 
EMA Var: 2.65485 1.74338 1.90139 4.32903 

Layer 1 Filters: 4
Input Channels: 4

Filter 0 Kernels:
Channel 0:
0.0062542 -0.114498 -0.015368 0.0313154 -0.0732937 
-0.0318887 0.267835 -0.120253 -0.151937 -0.0699056 
0.18123 0.033934 0.0761974 0.182701 -0.116808 
0.203072 0.123673 -0.140865 0.0854111 -0.20922 
0.000761461 -0.167323 -0.0916222 0.139438 0.174987 

Channel 1:
-0.0230821 -0.157352 0.0460864 0.167658 0.0738945 
-0.186913 -0.000612736 -0.171339 -0.140312 -0.366275 
0.0427522 0.208701 0.072896 0.0146356 -0.315941 
0.441778 0.164513 -0.126385 -0.00163834 -0.0594527 
0.365324 0.0120481 0.0692869 0.0297668 -0.0632167 

Channel 2:
0.241905 0.229755 0.0825273 -0.00674954 -0.163504 
0.220147 0.0967801 -0.0304849 0.0444219 -0.00718262 
-0.0229102 0.241591 0.0219062 -0.12677 0.148418 
-0.194693 0.163913 -0.0953573 -0.259071 0.127566 
-0.023442 -0.210423 0.0965727 0.0685782 0.037936 

Channel 3:
0.0872095 0.289433 -0.0557311 0.062103 -0.0481299 
0.0361218 0.0820385 0.172876 0.0710426 0.0565041 
-0.163553 -0.127266 0.0846363 -0.0303708 -0.0524715 
0.040329 -0.0895791 0.256521 -0.219049 0.0747664 
-0.101007 -0.133871 -0.0600205 0.19248 0.112257 

Filter 1 Kernels:
Channel 0:
0.157204 -0.00363826 -0.0356246 -0.000938165 -0.0135493 
0.0554984 0.274922 -0.0170374 0.0412703 -0.00549316 
0.0570282 0.0595955 -0.0737439 -0.128048 0.152841 
-0.0995105 -0.116504 -0.168325 0.0491304 0.28271 
-0.123514 -0.225842 0.0578654 -0.0393743 -0.0638138 

Channel 1:
-0.0332745 -0.193468 -0.0498508 0.187901 -0.104757 
-0.0121036 0.0346776 0.125421 0.0830032 0.0657425 
-0.196365 -0.171325 -0.158805 0.00494634 0.22275 
0.00418026 -0.0866071 -0.118591 -0.15398 0.0358689 
0.239759 -0.063933 0.323449 -0.100591 -0.196643 

Channel 2:
-0.345491 -0.242484 -0.0651332 -0.0781438 -0.0479364 
0.0499378 -0.0514291 -0.0784488 0.0602664 -0.00975218 
0.135185 -0.0903003 0.0785905 -0.0910903 -0.0778439 
-0.0486776 0.0694156 -0.0543314 0.122928 -0.0370324 
-0.0512654 -0.0418979 -0.0320464 -0.131665 0.236913 

Channel 3:
-0.0739303 0.106249 -0.312584 -0.128966 -0.347253 
-0.149307 -0.086549 -0.0501783 -0.207768 -0.0457506 
0.0796377 -0.183264 -0.0158034 0.184755 -0.0363737 
-0.204972 -0.189254 0.108829 -0.0347775 0.130638 
0.0530505 -0.019182 0.0653951 -0.0464401 0.0808973 

Filter 2 Kernels:
Channel 0:
-0.0256812 -0.00471922 -0.121788 -0.00579177 0.290986 
0.0425021 -0.0474885 0.00496941 0.266845 -0.122381 
-0.100379 -0.0414029 -0.0604665 0.0237132 -0.207317 
0.0107795 0.0556143 -0.00401248 -0.19521 0.0758319 
-0.0862532 -0.0419222 0.138476 0.023266 0.0434844 

Channel 1:
-0.157269 -0.0718602 0.0060972 0.154856 0.046536 
-0.0226813 -0.091347 0.20321 -0.148968 -0.154857 
-0.0953526 -0.138825 -0.194567 -0.0402806 0.16095 
-0.147874 0.044189 0.314106 -0.0285246 0.0369489 
0.0958971 -0.092014 0.066591 -0.0822374 -0.132006 

Channel 2:
-0.000470006 0.103633 -0.127387 0.0794038 -0.126489 
0.000125378 -0.168429 -0.0326774 -0.0152894 -0.148501 
0.0161226 0.101836 0.0614523 0.0264278 0.0857852 
-0.148426 0.293536 -0.187245 -0.135229 -0.0569141 
0.0919407 0.219437 -0.0578843 0.083059 -0.0718463 

Channel 3:
-0.0211199 0.0888301 -0.17963 0.0368324 -0.0851775 
0.138494 0.0969019 0.0880523 -0.0938397 0.525539 
0.0513915 0.13449 0.0951292 0.084183 0.18848 
0.218157 0.222854 0.0171543 0.0225798 -0.128104 
-0.137968 -0.0521521 -0.00267936 -0.327989 -0.120208 

Filter 3 Kernels:
Channel 0:
-0.0131809 -0.00362199 0.127259 -0.321036 -0.0326507 
0.0241109 -0.216536 -0.350067 0.145241 0.105735 
-0.065804 0.0266796 0.04403 0.127065 0.114134 
0.102988 -0.161194 0.112011 0.0947364 -0.0259363 
0.0450757 -0.091757 0.128997 0.00762512 -0.228013 

Channel 1:
0.0896038 0.0553233 -0.0228712 0.19296 0.235999 
0.0101419 -0.0493267 0.137924 -0.0460952 -0.16975 
0.137322 -0.0229451 -0.034613 0.224621 -0.065647 
0.0828855 0.0887776 0.0270628 0.0402184 0.0634852 
-0.00968268 -0.116689 0.037777 0.125756 -0.149316 

Channel 2:
-0.173235 0.237931 0.306068 0.203553 -0.263588 
0.207483 -0.050926 0.0979471 0.147678 0.224378 
-0.18602 -0.16498 -0.0713302 0.117086 0.391517 
-0.18812 0.0909096 -0.0670653 0.158507 -0.0473978 
-0.0331892 -0.100379 -0.180314 -0.0344352 0.113323 

Channel 3:
0.344613 0.182528 0.199227 -0.142188 -0.146504 
-0.0272977 -0.205069 -0.0178105 0.155839 0.166898 
-0.101546 -0.10957 -0.088345 0.0898562 -0.205161 
-0.0828254 -0.0906084 -0.0128344 0.0470927 -0.11194 
-0.0908345 0.152201 0.237762 -0.322959 -0.0809145 

Bias: 4.47216e-18

Batch Normalization Layer: 1:
Gamma: 1.68034 1.01015 1.58665 1.56583 
Beta: 0.279152 0.0147874 0.231586 0.169396 
EMA Mean: 0.794134 -1.2941 0.222564 0.505766 
EMA Var: 2.45713 2.48815 1.58935 2.1066 

FC Weights: 10x196
0.00858433 0.239756 0.0883068 -0.145996 -0.0134074 -0.0142372 0.05586 0.115327 -0.211205 -0.136548 -0.126062 -0.0500026 -0.0716191 0.154499 0.013448 -0.196496 -0.170385 -0.0527895 0.121389 0.0111231 -0.0278297 -0.112292 0.0836579 -0.329432 -0.103002 0.366852 0.189835 -0.0554643 -0.100631 0.214537 -0.196379 -0.20512 -0.00092344 -0.0921756 0.0126294 -0.0306406 0.154313 0.0509809 -0.0701938 -0.191934 -0.0641003 0.169022 0.111725 -0.0879518 0.0604788 -0.140225 0.0161476 0.156954 0.00939012 0.041973 0.139306 0.0500145 -0.0212634 0.180829 0.226617 0.102793 -0.0802629 -0.0168738 0.0755506 -0.0251433 0.0667017 -0.0292254 -0.132175 0.084024 0.0325534 -0.114695 -0.0470755 -0.0128855 -0.141662 -0.161601 0.126535 0.267249 -0.1619 -0.0793671 -0.0512725 -0.0214963 0.143406 -0.0583076 0.102762 0.10369 -0.0606396 -0.00906207 -0.115447 -0.0325468 -0.0109493 -0.0378791 0.134747 -0.0945974 -0.0703286 -0.0779384 0.0478582 -0.0997021 0.032362 0.136967 -0.0540901 0.0587169 -0.0182769 -0.0503228 -0.0108245 -0.0846519 0.264025 0.189946 -0.00184173 0.302892 -0.127112 0.188997 -0.27251 -0.00577654 0.0257324 0.17087 -0.0108999 -0.115802 0.0672666 -0.0564127 0.00916263 0.278747 0.061673 0.0342277 0.0482204 0.0113965 -0.164576 0.114596 -0.0708105 -0.245235 -0.154951 0.0233081 0.143694 -0.0696928 -0.0107735 -0.136934 -0.180549 -0.0487304 0.0490341 -0.128771 -0.0250987 0.036609 0.0654252 -0.132803 0.0181596 -0.180269 0.0742865 -0.0359873 -0.00852227 0.0516388 0.0165696 0.133896 -0.028672 0.0242792 -0.0565544 -0.0423306 0.207949 0.0225858 0.0231389 0.0448612 0.0717503 -0.0724503 0.103741 -0.0178736 0.0488457 0.0390805 -0.132222 -0.0815061 0.0288606 0.13954 -0.038707 0.0828964 -0.0711468 0.0227853 -0.101675 0.0176196 0.0204641 -0.0674424 0.214501 -0.0794116 -0.0281074 -0.0846116 -0.114157 -0.10125 -0.161223 -0.131029 0.0764509 0.0723421 -0.0995448 0.112814 0.106672 -0.198721 -0.0972364 0.125478 0.0994807 -0.0186784 0.0687204 0.278431 -0.0416972 0.184128 0.134813 -0.00315966 
-0.14576 -0.223248 -0.0473043 -0.0959815 0.0258327 0.0158217 -0.0521953 -0.0135088 0.0463057 0.348407 0.0404994 -0.0731665 -0.135905 0.00486197 0.125044 0.0246249 -0.0238012 -0.0473249 -0.143248 0.172318 -0.0177745 0.0389486 -0.00611108 -0.18714 -0.0930996 0.14129 0.147997 0.00506637 0.101064 -0.159195 -0.127902 -0.160103 0.149822 0.0165403 -0.1045 -0.102242 -0.0817786 -0.356479 -0.00842001 0.263218 -0.18575 -0.100646 0.0478563 -0.0673231 -0.0889456 0.240523 0.211883 -0.0555455 0.0511304 0.0859323 -0.0643055 0.170524 -0.109565 0.1328 0.0123332 -0.131683 -0.0412743 0.032703 0.0435964 -0.0154637 -0.160694 0.0486339 -0.0963063 -0.00829818 0.0354278 0.13988 -0.0358096 -0.0979769 -0.00938232 0.0331053 -0.124648 0.163008 0.296193 -0.0704522 -0.0704508 0.0824731 -0.0610758 -0.236834 0.124295 -0.175837 -0.0366549 0.0252585 -0.00303114 0.00896856 -0.0614321 -0.0402193 -0.21347 -0.0727312 0.212887 0.00234747 0.217022 -0.0448094 -0.0815223 0.088676 -0.0874389 0.0317328 0.0899597 0.0276575 0.162982 -0.0290215 0.0961705 -0.134595 -0.0378166 -0.00640714 -0.149957 -0.0584045 0.0232405 -0.0709525 0.0960835 -0.040497 -0.034738 0.260601 0.124477 -0.0406808 -0.0935391 -0.0435474 0.247209 -0.0750438 -0.0896733 -0.0249909 0.0480506 0.0422293 -0.160067 0.361174 -0.225296 -0.0584966 0.0853034 0.0927594 -0.0465899 0.0478163 0.114821 -0.220317 0.0400444 -0.0347307 -0.12073 -0.155423 0.00626027 0.0709608 -0.123635 0.106926 0.0353288 -0.0196264 -0.0506387 -0.0114251 -0.115607 -0.103351 0.0258536 0.198497 0.0721581 -0.139953 0.038669 -0.0578065 0.0525669 -0.114167 0.0584518 -0.0690036 0.0374151 -0.214704 -0.0533637 -0.128881 0.0325572 -0.179763 0.0205063 0.0129234 0.0464495 0.000348524 -0.044393 0.0238354 -0.0690435 -0.0936008 0.0575759 0.221916 -0.317585 -0.154599 -0.0953988 0.0859252 -0.254351 0.0173642 -0.186867 -0.0679712 -0.0336857 -0.0593557 0.0960344 0.0300582 0.0217261 0.257803 -0.0892132 0.0944655 -0.115255 0.0699982 0.0963795 0.0129096 0.190401 0.104123 -0.12323 0.0138857 
0.0484068 0.0468339 -0.0384384 -0.102241 -0.0533093 0.0436024 -0.0184186 -0.0166798 0.027012 0.13846 0.307404 -0.252366 0.0302123 0.032582 -0.0773131 -0.0104375 0.0974503 0.299229 0.237171 0.0623501 0.128984 0.070116 0.0802505 -0.0768122 0.0267024 -0.120861 -0.0582984 -0.114997 -0.158846 0.0353165 -0.0696303 -0.336035 -0.163687 0.0269972 -0.0411965 -0.156496 0.0485092 -0.016545 0.0440822 0.208211 0.127394 0.0746209 0.0669459 -0.10037 0.150432 0.0386008 0.0388169 -0.087508 -0.0161056 0.0593738 -0.115977 -0.0703145 -0.00523506 0.0861333 0.162987 0.0635497 -0.0215587 -0.173293 0.123288 0.0260729 0.00966956 -0.0953957 -0.1539 0.174961 -0.0476543 0.0417279 0.0114982 -0.0818647 0.00111014 0.101907 0.092761 0.0828206 0.176023 -0.0580799 0.0856124 -0.0550683 0.00327788 -0.0726581 0.00464558 -0.0925809 0.0850608 0.105872 0.00698902 0.0339844 0.151808 -0.0155919 0.0467047 0.00102229 0.109195 -0.0610603 0.205358 -0.0239263 -0.0955172 -0.105817 -0.0469923 0.0136658 -0.0977855 -0.0583568 0.0804144 0.119577 -0.121876 -0.00631016 0.0643181 0.073964 -0.0114622 -0.231018 0.0380708 0.211058 0.172583 0.00286158 -0.0153762 -0.0586873 -0.00115079 -0.000746763 -0.0412473 -0.115566 -0.0912802 0.147384 -0.139343 0.010046 0.0628212 -0.185335 -0.124673 -0.234904 0.0967732 -0.364335 -0.168954 0.0866892 0.174116 0.0529534 -0.133353 -0.141427 -0.0299089 -0.0371272 0.130155 0.197077 0.0723035 -0.0416703 0.156705 0.13729 -0.0404828 0.0615013 0.00623214 -0.03093 0.0296934 -0.0188298 -0.0625264 -0.126515 -0.0398194 -0.00889368 -0.00239329 0.0540524 0.211498 -0.157 0.0461247 -0.0372509 0.0200103 0.182853 -0.0562725 0.103373 0.0322909 0.160051 0.130926 0.0556016 0.0892076 -0.0224439 0.00579077 0.046062 0.115947 0.00497664 0.196188 0.155006 -0.0270165 -0.181432 0.0457082 0.05174 -0.229408 -0.0641703 -0.263792 -0.230369 0.0845228 -0.0450378 -0.132644 0.166951 -0.109029 -0.0814414 -0.0748042 0.0190443 0.216903 0.148591 0.285298 -0.220565 0.04981 0.0617276 0.208844 0.141959 
-0.00293281 -0.0950256 -0.0702501 -0.135998 0.0741371 0.0261307 -0.00545938 -0.0252353 -0.156416 -0.0815223 -0.00168758 -0.0359149 -0.0655438 0.0503577 0.010278 0.00585826 0.23843 0.296174 -0.0855181 -0.103651 0.12984 -0.0298576 0.048275 0.09621 0.00496184 0.0478149 0.203966 -0.0445155 0.170076 -0.0587914 -0.368416 0.204559 -0.041408 -0.041087 0.0461436 0.0282438 -0.0829945 -0.237766 -0.0731558 -0.074351 0.0683998 0.086108 0.0357629 0.202797 0.077107 -0.160592 -0.120216 0.0696009 0.0955624 -0.0293196 -0.180673 0.00944421 -0.170036 -0.0228714 0.15709 -0.0153832 -0.199607 -0.136601 0.0496531 -0.0401849 -0.126952 0.0597883 -0.0536681 -0.168011 -0.0582152 -0.0674538 0.0652372 -0.00785927 0.126542 0.0782844 -0.110402 -0.117332 -0.0128629 0.030775 0.0519853 -0.0212834 -0.021715 -0.0428599 0.110374 -0.0446296 0.184166 -0.00821183 -0.0237234 0.0448656 0.0167754 -0.00879933 0.187991 0.0572344 0.0264243 -0.064719 -0.0391746 0.203251 0.0076908 -0.129697 0.102237 0.0824143 -0.135222 0.0170592 -0.0202093 0.152764 0.031245 0.0929589 0.0602126 -0.0477074 0.0706689 0.121209 0.076886 0.101613 -0.103183 -0.0424433 -0.123491 -0.114134 -0.117539 0.1284 0.182266 -0.257116 0.199144 -0.000896787 -0.114026 0.0516467 0.115779 -0.0348045 -0.0403688 0.274501 -0.156982 -0.0523706 -0.16469 0.198191 -0.0269292 -0.143202 0.0241675 -0.0537108 0.0130806 0.0627735 0.0760604 0.15464 0.237641 0.0919236 0.0226922 0.109546 -0.0677237 -0.0269769 0.154064 0.132127 0.0799431 -0.0989732 -0.0423756 0.059932 -0.0598083 -0.081772 0.0750398 0.187013 0.0409694 -0.0492474 0.0173613 0.0976585 -0.0926469 -0.0783631 -0.0524826 0.058901 -0.00248832 0.194136 0.24322 -0.0193184 0.211454 0.00417148 -0.186576 0.0509342 -0.0915695 -0.0285118 -0.0702697 -0.125171 0.0246202 0.0242431 -0.0930733 0.0830038 0.0808928 -0.00845268 0.0807308 0.117985 -0.0999933 -0.0999106 -0.0548541 -0.102832 -0.000517544 -0.0838829 0.110695 -0.18822 -0.279306 0.152185 0.052802 -0.062635 -0.151532 0.160126 -0.0193825 -0.0594581 
0.137636 -0.232932 -0.00299817 0.167327 0.0456593 -0.0604838 0.190872 -0.114261 -0.173644 -0.0680214 0.0371565 -0.0139482 -0.11083 -0.00994465 0.205269 0.0113853 -0.194136 -0.10469 -0.156567 -0.0830752 0.0325389 -0.0718398 0.0552457 -0.160289 -0.125286 -0.148722 -0.0848181 -0.0748917 0.0122306 0.150436 0.37268 0.273846 0.0275857 0.00833088 0.0518424 0.16417 -0.109906 0.0828146 0.203707 0.123362 0.174023 -0.139317 -0.0748607 -0.070032 0.00668984 -0.0268431 -0.0307051 0.120928 -0.17451 -0.222604 -0.0333247 -0.0056555 -0.169032 0.0353612 -0.127934 -0.0766064 -0.0322285 0.183145 -0.152686 0.018861 -0.0655874 -0.0719583 0.0299959 -0.0423924 -0.0408939 -0.0297509 0.0864814 0.140578 -0.256548 0.0376117 -0.138789 0.0183262 -0.0986702 0.0167129 0.0717943 0.112142 0.0578947 -0.0414402 -0.104154 0.00324698 -0.0275249 0.0868652 -0.0377263 0.0319873 -0.20946 0.0310634 -0.00961698 -0.207791 -0.0402052 -0.0103109 -0.044717 -0.248774 -0.0176566 -0.0088152 0.0423923 0.0108973 0.00486076 0.0704331 0.31152 0.0765352 0.15294 -0.00901556 -0.00587974 -0.0333861 -0.0202129 0.0377303 -0.194276 -0.0374841 -0.0605915 -0.141079 -0.0410807 0.0943476 -0.0264565 -0.0758207 -0.176081 -0.0217721 -0.200241 0.120969 0.0136984 -0.175592 -0.0798361 0.0395127 0.325364 0.0499079 -0.0537659 0.0362647 0.112 0.175307 0.0706229 0.0378093 0.210707 -0.120115 -0.0729731 -0.174151 0.00516889 -0.178452 -0.278258 -0.134114 0.00384014 -0.0121298 0.0606295 0.108308 0.0577645 0.0337761 -0.0992673 -0.157089 -0.0688045 -0.114764 -0.0283032 -0.0509273 -0.229752 -0.213254 -0.0660638 -0.0705369 -0.0232353 0.0542975 0.164809 -0.0838842 0.0144175 0.153236 0.0939705 0.0318967 -0.0238212 -0.0616208 0.00491801 -0.140925 0.0939518 -0.134925 -0.103974 0.0137912 0.105392 -0.0678033 -0.25334 -0.167265 0.0305527 0.0293691 -0.0995079 0.0438791 0.156798 -0.0861646 -0.0263788 -0.0814604 0.194196 0.150927 0.201606 0.270018 -0.117667 0.191025 0.13166 0.063347 -0.122513 0.0583787 0.0956123 -0.126163 -0.103058 0.0703678 
-0.0894235 0.00812273 -0.0165096 -0.0254857 -0.224775 0.0969292 0.197918 0.049502 -0.0565707 0.0467402 0.0276749 0.114303 -0.0114526 -0.0153391 0.00134081 0.161994 -0.0867928 -0.128662 -0.0174684 0.0604421 0.161009 0.0427596 0.0837793 0.0995717 -0.170102 0.173056 -0.0658068 0.295941 0.107088 0.0678814 -0.0252251 0.198394 0.131384 0.0962871 -0.216407 0.110139 -0.129644 0.014212 -0.0301515 -0.0630641 0.0692735 0.0589772 0.0404122 0.173769 -0.000620601 0.115526 -0.119464 -0.0408098 -0.0292023 0.183565 -0.161648 -0.0330358 -0.0760858 0.0498845 0.0200012 -0.0570875 -0.186449 0.060287 0.0193172 -0.169012 -0.18167 0.0101843 0.0740538 0.1136 -0.0737222 -0.0719801 -0.106109 -0.0295432 -0.104904 0.0940403 0.0875709 0.069687 0.0950301 0.0561149 -0.119869 0.00549592 0.0815372 -0.0193981 0.142631 -0.061229 0.0589695 -0.0208414 0.0143388 0.0298438 -0.127041 0.0506105 -0.095726 0.214953 0.0874169 0.00842946 0.0327474 0.159157 0.0892888 0.0434264 0.201306 -0.0811655 -0.0113225 0.0433455 0.0297136 0.108293 0.0684454 -0.0887539 0.0247947 -0.135819 -0.00708333 0.209326 -0.0676983 0.0892966 0.181463 0.00127843 0.0757945 0.22322 0.0783212 -0.0550641 -0.0910513 0.221406 0.0715974 -0.113483 -0.0695527 -0.0572212 0.0656115 0.134484 0.14197 -0.18264 -0.285606 -0.0963146 0.0197331 0.0350212 -0.144807 -0.0943147 -0.128907 -0.0508266 0.072401 0.0756258 -0.161919 0.0343868 0.105866 -0.0868063 0.0410672 -0.134449 0.0971941 -0.0866389 -0.0354264 0.201212 0.0756953 -0.109862 -0.0861334 0.00211713 -0.130755 -0.194805 0.0485175 -0.0143463 -0.0593338 -0.00276741 -0.0175787 0.0342361 -0.0640599 -0.0134544 -0.13319 0.0625193 -0.0522003 -0.0940147 -0.138277 0.00607369 -0.119243 -0.0446259 0.284241 0.107682 -0.0325178 0.00844712 0.103021 -0.187014 0.0588084 0.226939 0.252838 0.134658 -0.019244 0.156467 0.118397 -0.0184683 -0.14988 -0.02474 0.1149 -0.0629122 -0.0226866 -0.165606 -0.0248035 -0.0772523 0.00269734 -0.0196206 0.0392534 -0.0584149 -0.0472317 0.156589 -0.0845121 -0.0192784 
-0.0270622 -0.0139587 -0.127888 -0.0745371 0.0800284 -0.27185 -0.0681393 -0.110874 0.0172666 0.0373971 -0.0984914 0.0100024 -0.0276228 0.123193 0.00844612 0.199802 -0.0136401 -0.108898 0.00247118 0.249042 0.246311 0.115237 0.112218 -0.00972848 -0.202613 0.00200504 -0.0705452 -0.186522 0.148075 0.154586 0.0428603 -0.204632 -0.179708 -0.0819957 -0.032653 0.0287157 0.167882 0.0587515 0.0420121 0.0295165 0.00525656 0.144709 -0.00550288 -0.0635574 0.0638399 0.144168 0.16513 0.0409955 -0.0169561 -0.0428326 -0.330467 -0.00917844 -0.00702272 0.0227961 0.116293 -0.0165704 -0.102889 -0.00521194 -0.0325499 -0.0293886 0.140535 -0.0606533 0.103867 0.0157976 -0.0872404 0.0479927 0.218327 0.141497 0.151242 0.0183077 -0.212677 0.0340706 -0.341583 -0.0693797 0.20096 0.0537516 -0.0600452 -0.0808562 -0.0561751 0.0434771 -0.0568615 -0.173617 -0.137506 -0.0372221 0.25097 0.0551357 0.064132 -0.0571266 -0.0202415 -0.0556671 -0.0743677 0.0285066 -0.0674556 0.0925245 0.0326761 -0.0490431 -0.125517 -0.106565 -0.117751 -0.0392562 0.0362145 -0.00744062 0.239742 0.134721 0.0718792 -0.207231 0.206621 -0.117653 0.072437 -0.0732894 0.101684 -0.0946325 -0.193076 0.0193312 -0.109259 -0.13807 -0.0822927 -0.142674 -0.148956 0.0898938 0.0333983 -0.152263 0.127258 0.0283727 0.0696146 0.02836 0.03125 0.0466719 -0.0079912 0.0145764 -0.018676 -0.0514583 0.14522 -0.0327491 -0.108394 -0.00666096 0.254947 0.146286 0.080085 -0.0910446 -0.145614 -0.133816 -0.0878302 -0.0110772 -0.121552 -0.208648 -0.0445666 0.104934 -0.132271 0.0158543 0.14987 0.0849477 0.030818 0.0356132 0.096428 -0.148505 -0.0175853 0.169535 -0.0865653 0.0124061 -0.023832 -0.130919 -0.203662 -0.0229544 -0.0162067 -0.178816 0.0294667 0.0371081 -0.219609 0.0599975 -0.286878 -0.109389 0.0259328 0.344071 -0.114925 -0.00995043 0.0015039 -0.211043 -0.00181303 0.0609798 0.0151936 -0.134352 0.168377 -0.101897 0.199761 0.146479 -0.0339861 0.0729996 -0.0618297 -0.125509 0.0135638 0.0389025 0.121053 0.0925963 0.169578 -0.0888104 
-0.0377419 -0.099392 0.0456128 -0.0385071 -0.0288883 -0.0235441 0.0708873 -0.0446572 0.111058 -0.0160646 0.0121249 -0.189139 -0.100587 -0.0610648 -0.0175144 -0.139637 -0.0627501 0.211639 -0.0758975 -0.0441459 0.0797478 0.0606167 0.122483 0.0641064 0.247611 0.297351 -0.0748507 -0.230965 -0.111731 0.0627637 0.0331286 -0.0967855 0.0222312 0.0779565 -0.00863655 0.0068902 -0.0733998 0.194204 -0.203043 -0.118983 0.0891487 -0.0575745 -0.104208 -0.0564128 0.041508 -0.183653 -0.0244385 -0.21709 -0.222722 0.0977535 -0.00885603 -0.0107611 0.0539666 -0.0393867 0.132278 0.154277 -0.0683243 -0.112424 -0.104207 -0.0191644 0.0155693 -0.0645136 0.0866446 -0.134603 -0.104993 0.110006 -0.173466 0.0370493 0.0388234 0.00969686 -0.0644716 0.133996 0.0359503 0.0488373 0.0762546 0.147299 -0.0932059 -0.243181 0.0896634 0.0527156 0.0302995 -0.0410344 -0.0123681 -0.0261265 0.0128399 0.115075 -0.0042934 -0.0542174 -0.308894 0.126021 0.0342587 -0.09653 0.115571 -0.0121705 -0.00987012 -0.141987 0.190441 -0.0404059 -0.107713 0.00476234 0.163169 -0.0431659 0.0490151 0.0314287 -0.111971 0.070384 0.0813453 -0.105346 -0.127001 -0.012319 -0.0677926 0.0216222 -0.0197991 0.107461 0.322004 0.0455313 0.249531 -0.0399507 -0.0194476 -0.0593767 0.0168902 0.0378402 -0.154441 0.0723283 0.123627 -0.0927962 0.12255 0.170357 0.0067692 0.0694627 0.0753757 -0.00783697 0.0449165 -0.295333 0.0386867 -0.0143894 -0.191922 0.0641985 -0.172918 -0.0143115 0.16644 0.0609709 0.0574478 0.0576619 0.156935 -0.0651148 0.231498 0.147703 -0.123324 0.000355119 0.097989 0.110822 -0.112776 -0.0173218 0.00886978 -0.209097 -0.000434997 0.0560084 0.0121598 0.0783376 -0.119873 0.265478 0.108913 0.142364 -0.0880001 -0.129808 -0.0564307 0.130411 0.0610132 0.103856 0.115204 0.126752 0.0804001 0.070851 0.076536 0.178671 -0.0312087 -0.102585 -0.0121816 -0.00586133 -0.150383 -0.059477 0.0677998 -0.057307 -0.0252067 -0.121037 0.13275 0.132764 -0.272375 0.0259986 0.0396017 -0.0538173 -0.044791 -0.223162 -0.0410466 -0.00443829 
-0.0937325 0.0299896 -0.103779 -0.0367642 -0.140894 0.0823834 0.0950515 -0.0286754 -0.12828 -0.193674 -0.00908453 -0.125887 -0.276235 0.100266 0.00597501 0.085794 -0.0863982 0.0474024 0.0568516 -0.0212703 0.0340452 0.042107 -0.0018774 0.00632811 0.10134 -0.129511 -0.0244771 0.243952 0.0614325 0.0556644 -0.189805 -0.0283516 -0.147534 0.0734668 0.0356338 0.0822031 -0.0630193 -0.147165 0.137259 -0.204225 0.0351311 -0.0774097 0.0535281 0.0297457 0.161001 0.0639264 0.163822 -0.129245 0.187113 -0.0676118 0.125905 -0.143802 -0.1609 0.0449009 -0.0356744 0.0996028 0.0494421 0.0920123 -0.0473433 0.0429659 0.00559767 -0.0756196 0.192297 -0.0588767 0.114011 0.0441363 -0.0879651 -0.146597 0.054261 -0.103239 -0.041257 0.0717252 -0.00775629 0.0740189 0.0604013 0.0176321 -0.023942 0.0917987 -0.0103862 0.137447 -0.0437182 -0.0310999 0.117833 -0.103168 0.30909 -0.130017 -0.129789 -0.0602385 0.0825387 0.0555863 -0.0151157 0.0405078 0.188589 -0.0638822 -0.0302936 -0.0387274 -0.183604 0.187145 0.169848 -0.0453396 -0.116432 0.014218 0.0844128 0.183908 -0.0980631 -0.0171553 -0.0247167 -0.0368792 -0.0650884 0.0447965 0.128945 -0.0243334 -0.0496247 -0.0989256 -0.100795 -0.0664748 -0.161106 0.125852 0.0944058 0.19901 -0.164674 -0.178878 0.261212 0.17661 -0.23405 -0.0411704 0.0530982 -0.141481 0.0741363 0.0049907 -0.051369 -0.154624 -0.130377 -0.0787164 -0.183782 -0.0512979 0.0912685 -0.119152 0.189135 -0.134485 -0.0270746 0.017609 -0.075385 0.285155 -0.00641196 0.16545 -0.0564591 -0.0558364 0.0737876 0.140084 0.044189 -0.00497058 -0.0540972 -0.0381225 -0.121529 -0.116819 -0.161848 -0.00545426 -0.366057 -0.0773675 0.0215644 -0.0847273 -0.0805963 0.125795 -0.135454 0.076291 -0.0541959 -0.024635 -0.0265819 0.22619 0.148687 0.00943922 0.0738658 -0.197524 0.131584 -0.220706 -0.0213177 0.0782049 0.101338 -0.123091 -0.00172003 -0.0659012 -0.0567811 -0.0426903 -0.0439359 0.134869 0.0455425 -0.0703502 0.0447708 -0.0846505 0.106477 0.118843 0.0784217 0.108309 0.0175018 -0.0364961 
0.0855891 -0.0323333 0.00284469 0.0925748 -0.28558 0.141694 -0.126942 0.0326205 0.170337 0.0853713 0.072226 -0.0121649 0.0188209 0.264566 -0.0280015 0.0418867 0.0619749 0.0810187 -0.0153119 -0.133854 -0.227135 0.0936175 -0.0994311 -0.0826717 -0.0272371 0.166625 0.00110112 -0.192008 -0.0161364 0.0728725 0.223597 0.102945 0.0787915 0.173093 0.0152187 0.0284959 0.00980585 0.114909 0.0408976 0.041651 -0.116937 -0.215423 -0.166327 -0.0235491 0.119143 -0.124104 0.0549443 -0.0842319 -0.0359409 -0.0950793 0.0297347 0.0917644 0.151122 -0.0159892 -0.0465843 -0.113858 0.150061 -0.200687 -0.101164 0.153739 0.00542621 -0.0214069 -0.00169484 -0.0797025 0.132017 0.0304289 -0.122879 -0.146919 -0.0556263 -0.0302402 -0.174001 -0.0574467 0.0718613 -0.0347637 -0.00481641 -0.0632612 0.0778654 -0.042069 -0.121764 -0.0332774 -0.147229 -0.280743 0.0364988 -0.0877734 0.00280039 0.0830144 -0.0396923 -0.105775 0.0114248 -0.213087 0.0145442 -0.0706292 0.125525 0.138653 -0.0866947 -0.279704 -0.0538083 0.0800041 0.0440462 0.0701029 0.0691337 -0.0751686 0.096107 0.0331005 0.127932 -0.0728829 0.0236231 -0.0023167 0.00753673 0.094849 0.029278 0.0147366 -0.112604 0.0695064 0.123323 -0.0966109 0.114669 -0.012995 -0.154841 -0.0875759 -0.0373479 -0.0549991 0.108009 0.0941317 0.121418 -0.18053 0.0375327 -0.14791 0.0806698 0.0324787 -0.100852 0.05583 -0.105355 0.0757339 -0.0532775 -0.210073 -0.253342 -0.184573 -0.171003 -0.171709 0.0451622 0.149493 0.101671 0.0266295 0.20215 -0.0219195 -0.0108437 0.17133 0.0267889 0.0462006 0.0976009 -0.0416519 0.0978686 0.0974432 0.00504414 0.0114395 0.19833 -0.0750149 -0.156801 -0.24336 0.00573133 -0.207368 0.0480395 0.0783607 -0.15937 0.0194775 -0.0174889 0.0935996 0.111327 -0.0802879 -0.235786 0.215214 0.106867 -0.0876383 0.0316929 0.00978131 0.130821 0.131636 0.16007 0.0610193 -0.129795 0.0735428 0.103482 0.023721 0.0550844 0.084394 0.00747787 -0.00394928 0.0668712 -0.0109551 0.0865936 -0.0687068 -0.0948404 -0.138607 -0.0524024 -0.0619729 

FC Bias: 10
0.00543385 0.00109068 0.0230863 -0.00548287 -0.010186 0.00253451 -0.0045455 0.00253139 -0.00611581 -0.00834651 
